circle 400 400 0 200
bezier 200 400 225 125 575 125 600 400
bezier 400 200 125 225 125 575 400 600
bezier 200 400 225 126 575 126 600 400
bezier 400 200 126 225 126 575 400 600
bezier 200 400 225 127.3225 575 127.3225 600 400
bezier 400 200 127.3225 225 127.3225 575 400 600
bezier 200 400 225 129.01250000000002 575 129.01250000000002 600 400
bezier 400 200 129.01250000000002 225 129.01250000000002 575 400 600
bezier 200 400 225 131.115 575 131.115 600 400
bezier 400 200 131.115 225 131.115 575 400 600
bezier 200 400 225 133.675 575 133.675 600 400
bezier 400 200 133.675 225 133.675 575 400 600
bezier 200 400 225 136.7375 575 136.7375 600 400
bezier 400 200 136.7375 225 136.7375 575 400 600
bezier 200 400 225 140.3475 575 140.3475 600 400
bezier 400 200 140.3475 225 140.3475 575 400 600
bezier 200 400 225 144.54999999999998 575 144.54999999999998 600 400
bezier 400 200 144.54999999999998 225 144.54999999999998 575 400 600
bezier 200 400 225 149.39 575 149.39 600 400
bezier 400 200 149.39 225 149.39 575 400 600
bezier 200 400 225 154.9125 575 154.9125 600 400
bezier 400 200 154.9125 225 154.9125 575 400 600
bezier 200 400 225 161.1625 575 161.1625 600 400
bezier 400 200 161.1625 225 161.1625 575 400 600
bezier 200 400 225 168.185 575 168.185 600 400
bezier 400 200 168.185 225 168.185 575 400 600
bezier 200 400 225 176.025 575 176.025 600 400
bezier 400 200 176.025 225 176.025 575 400 600
bezier 200 400 225 184.7275 575 184.7275 600 400
bezier 400 200 184.7275 225 184.7275 575 400 600
bezier 200 400 225 194.33749999999998 575 194.33749999999998 600 400
bezier 400 200 194.33749999999998 225 194.33749999999998 575 400 600
bezier 200 400 225 204.89999999999998 575 204.89999999999998 600 400
bezier 400 200 204.89999999999998 225 204.89999999999998 575 400 600
bezier 200 400 225 216.45999999999998 575 216.45999999999998 600 400
bezier 400 200 216.45999999999998 225 216.45999999999998 575 400 600
bezier 200 400 225 229.06249999999997 575 229.06249999999997 600 400
bezier 400 200 229.06249999999997 225 229.06249999999997 575 400 600
bezier 200 400 225 242.75249999999997 575 242.75249999999997 600 400
bezier 400 200 242.75249999999997 225 242.75249999999997 575 400 600
bezier 200 400 225 257.57499999999993 575 257.57499999999993 600 400
bezier 400 200 257.57499999999993 225 257.57499999999993 575 400 600
bezier 200 400 225 273.57499999999993 575 273.57499999999993 600 400
bezier 400 200 273.57499999999993 225 273.57499999999993 575 400 600
bezier 200 400 225 290.7974999999999 575 290.7974999999999 600 400
bezier 400 200 290.7974999999999 225 290.7974999999999 575 400 600
bezier 200 400 225 309.2874999999999 575 309.2874999999999 600 400
bezier 400 200 309.2874999999999 225 309.2874999999999 575 400 600
bezier 200 400 225 329.0899999999999 575 329.0899999999999 600 400
bezier 400 200 329.0899999999999 225 329.0899999999999 575 400 600
bezier 200 400 225 350.2499999999999 575 350.2499999999999 600 400
bezier 400 200 350.2499999999999 225 350.2499999999999 575 400 600
bezier 200 400 225 372.8124999999999 575 372.8124999999999 600 400
bezier 400 200 372.8124999999999 225 372.8124999999999 575 400 600
bezier 200 400 225 396.8224999999999 575 396.8224999999999 600 400
bezier 400 200 396.8224999999999 225 396.8224999999999 575 400 600
bezier 200 400 225 422.3249999999999 575 422.3249999999999 600 400
bezier 400 200 422.3249999999999 225 422.3249999999999 575 400 600
bezier 200 400 225 449.3649999999999 575 449.3649999999999 600 400
bezier 400 200 449.3649999999999 225 449.3649999999999 575 400 600
bezier 200 400 225 477.9874999999999 575 477.9874999999999 600 400
bezier 400 200 477.9874999999999 225 477.9874999999999 575 400 600
bezier 200 400 225 508.2374999999999 575 508.2374999999999 600 400
bezier 400 200 508.2374999999999 225 508.2374999999999 575 400 600
bezier 200 400 225 540.16 575 540.16 600 400
bezier 400 200 540.16 225 540.16 575 400 600
bezier 200 400 225 573.8 575 573.8 600 400
bezier 400 200 573.8 225 573.8 575 400 600
bezier 200 400 225 609.2025 575 609.2025 600 400
bezier 400 200 609.2025 225 609.2025 575 400 600
bezier 200 400 225 646.4125 575 646.4125 600 400
bezier 400 200 646.4125 225 646.4125 575 400 600
display
save face.ppm